PRIMAL for the divorce dataset:
--------------------------------------------------------
CPLEX 12.9.0.0: optimal solution; objective 0.7843129204
13 separable QP barrier iterations
No basis.
w [*] :=
 1  0.0411462      7  1.19311e-10   13 -0.197341      19 -0.0697364
 2  0.104831       8  0.0737828     14  0.125989      20  0.736134
 3  0.391656       9  0.0737828     15  0.202978      21 -0.142525
 4 -0.0937877     10 -0.186417      16  0.174615      22  2.7756e-10
 5  0.199193      11  0.188815      17  0.366118      23  2.91166e-10
 6  0.224804      12  0.00582145    18  0.449524      24 -0.438774
;

gamma = 1.793




DUAL for the divorce dataset:
--------------------------------------------------------

CPLEX 12.9.0.0: optimal solution     objective 0.9780947034
15 QP barrier iterations
No basis.
w [*] :=
 1  0.0411462      7  1.19311e-10   13 -0.197341      19 -0.0697364
 2  0.104831       8  0.0737828     14  0.125989      20  0.736134
 3  0.391656       9  0.0737828     15  0.202978      21 -0.142525
 4 -0.0937877     10 -0.186417      16  0.174615      22  2.7756e-10
 5  0.199193      11  0.188815      17  0.366118      23  2.91166e-10
 6  0.224804      12  0.00582145    18  0.449524      24 -0.438774
;

gamma = 1.793
